COCO results:
 Average Precision  (AP) @[ IoU=0.50:0.95 | area=   all | maxDets=100 ] = 0.680
 Average Precision  (AP) @[ IoU=0.50      | area=   all | maxDets=100 ] = 0.923
 Average Precision  (AP) @[ IoU=0.75      | area=   all | maxDets=100 ] = 0.798
 Average Precision  (AP) @[ IoU=0.50:0.95 | area= small | maxDets=100 ] = 0.492
 Average Precision  (AP) @[ IoU=0.50:0.95 | area=medium | maxDets=100 ] = 0.648
 Average Precision  (AP) @[ IoU=0.50:0.95 | area= large | maxDets=100 ] = 0.697
 Average Recall     (AR) @[ IoU=0.50:0.95 | area=   all | maxDets=  1 ] = 0.542
 Average Recall     (AR) @[ IoU=0.50:0.95 | area=   all | maxDets= 10 ] = 0.753
 Average Recall     (AR) @[ IoU=0.50:0.95 | area=   all | maxDets=100 ] = 0.758
 Average Recall     (AR) @[ IoU=0.50:0.95 | area= small | maxDets=100 ] = 0.554
 Average Recall     (AR) @[ IoU=0.50:0.95 | area=medium | maxDets=100 ] = 0.730
 Average Recall     (AR) @[ IoU=0.50:0.95 | area= large | maxDets=100 ] = 0.775

mAP(IoU=0.5) for each category:
 aeroplane      : 1.0
 bicycle        : 0.9267326732673268
 bird           : 0.9741316988841741
 boat           : 0.9533588074268231
 bottle         : 0.89922193366016
 bus            : 1.0
 car            : 0.8835453921875774
 cat            : 0.9685289957567184
 chair          : 0.864071485325948
 cow            : 0.987052551408987
 diningtable    : 0.9064405729335381
 dog            : 0.9869486948694867
 horse          : 0.9124719194608537
 motorbike      : 1.0
 person         : 0.8875603518778212
 pottedplant    : 0.6191487078939207
 sheep          : 0.945748301192744
 sofa           : 0.7894075121797893
 train          : 0.9585396039603961
 tvmonitor      : 0.9947194719471949