COCO results:
 Average Precision  (AP) @[ IoU=0.50:0.95 | area=   all | maxDets=100 ] = 0.482
 Average Precision  (AP) @[ IoU=0.50      | area=   all | maxDets=100 ] = 0.758
 Average Precision  (AP) @[ IoU=0.75      | area=   all | maxDets=100 ] = 0.508
 Average Precision  (AP) @[ IoU=0.50:0.95 | area= small | maxDets=100 ] = 0.131
 Average Precision  (AP) @[ IoU=0.50:0.95 | area=medium | maxDets=100 ] = 0.373
 Average Precision  (AP) @[ IoU=0.50:0.95 | area= large | maxDets=100 ] = 0.537
 Average Recall     (AR) @[ IoU=0.50:0.95 | area=   all | maxDets=  1 ] = 0.438
 Average Recall     (AR) @[ IoU=0.50:0.95 | area=   all | maxDets= 10 ] = 0.566
 Average Recall     (AR) @[ IoU=0.50:0.95 | area=   all | maxDets=100 ] = 0.568
 Average Recall     (AR) @[ IoU=0.50:0.95 | area= small | maxDets=100 ] = 0.367
 Average Recall     (AR) @[ IoU=0.50:0.95 | area=medium | maxDets=100 ] = 0.485
 Average Recall     (AR) @[ IoU=0.50:0.95 | area= large | maxDets=100 ] = 0.584

mAP(IoU=0.5) for each category:
 aeroplane      : 1.0
 bicycle        : 0.0792079207920792
 bird           : 0.7725601131541728
 boat           : 0.4734365886491687
 bottle         : 0.7584677722430628
 bus            : 0.9042904290429044
 car            : 0.6852883741799344
 cat            : 0.9207920792079208
 chair          : 0.19167416741674168
 cow            : 0.987052551408987
 diningtable    : 0.8546117769671704
 dog            : 0.9356435643564357
 horse          : 0.8143564356435643
 motorbike      : 0.926980198019802
 person         : 0.7230948285460844
 pottedplant    : 0.47740251273949125
 sheep          : 0.9139638101741209
 sofa           : 0.7554129039277554
 train          : 0.9956683168316832
 tvmonitor      : 0.9947194719471949