COCO results:
 Average Precision  (AP) @[ IoU=0.50:0.95 | area=   all | maxDets=100 ] = 0.509
 Average Precision  (AP) @[ IoU=0.50      | area=   all | maxDets=100 ] = 0.794
 Average Precision  (AP) @[ IoU=0.75      | area=   all | maxDets=100 ] = 0.557
 Average Precision  (AP) @[ IoU=0.50:0.95 | area= small | maxDets=100 ] = 0.239
 Average Precision  (AP) @[ IoU=0.50:0.95 | area=medium | maxDets=100 ] = 0.487
 Average Precision  (AP) @[ IoU=0.50:0.95 | area= large | maxDets=100 ] = 0.539
 Average Recall     (AR) @[ IoU=0.50:0.95 | area=   all | maxDets=  1 ] = 0.441
 Average Recall     (AR) @[ IoU=0.50:0.95 | area=   all | maxDets= 10 ] = 0.588
 Average Recall     (AR) @[ IoU=0.50:0.95 | area=   all | maxDets=100 ] = 0.592
 Average Recall     (AR) @[ IoU=0.50:0.95 | area= small | maxDets=100 ] = 0.408
 Average Recall     (AR) @[ IoU=0.50:0.95 | area=medium | maxDets=100 ] = 0.554
 Average Recall     (AR) @[ IoU=0.50:0.95 | area= large | maxDets=100 ] = 0.588

mAP(IoU=0.5) for each category:
 aeroplane      : 0.9959231217239368
 bicycle        : 0.0264026402640264
 bird           : 0.8943740802651693
 boat           : 0.6206192047776207
 bottle         : 0.882942733100408
 bus            : 1.0
 car            : 0.8306194918186124
 cat            : 0.9359871187787672
 chair          : 0.15300209422935646
 cow            : 0.993145468392993
 diningtable    : 0.7876787678767877
 dog            : 0.9876237623762377
 horse          : 0.8626237623762376
 motorbike      : 1.0
 person         : 0.8200242672489148
 pottedplant    : 0.5696964584870937
 sheep          : 0.8397212412895981
 sofa           : 0.8430527263252638
 train          : 0.9956683168316832
 tvmonitor      : 0.8461538461538463